        Frequency / GHz                S1,1/abs,dB
----------------------------------------------------------------------
                      20                     -0.92060008
               20.029999                     -0.95008591
               20.059999                     -0.97718324
               20.089998                      -1.0013593
               20.120001                      -1.0221223
                   20.15                      -1.0390246
                   20.18                      -1.0516787
               20.209999                       -1.059762
               20.239998                      -1.0630213
                   20.27                      -1.0612857
               20.299999                      -1.0544652
                   20.33                      -1.0425556
               20.359999                      -1.0256372
               20.389999                      -1.0038799
                   20.42                     -0.97752676
               20.450001                     -0.94690481
                   20.48                     -0.91240338
               20.509998                     -0.87447271
               20.539999                     -0.83361146
                   20.57                     -0.79035687
                    20.6                     -0.74527216
               20.629999                      -0.6989372
                   20.66                     -0.65193185
               20.689999                     -0.60483714
               20.720001                     -0.55821354
                   20.75                     -0.51259815
               20.779999                     -0.46849964
               20.809999                     -0.42638814
               20.839998                     -0.38669115
               20.870001                     -0.34979383
                    20.9                     -0.31603148
                   20.93                      -0.2856918
               20.959999                     -0.25901389
               20.989998                     -0.23618572
                   21.02                     -0.21734994
               21.049999                     -0.20260042
                   21.08                     -0.19198824
               21.109999                     -0.18552057
               21.139999                     -0.18316558
                   21.17                     -0.18485229
               21.199999                      -0.1904775
                   21.23                     -0.19990144
               21.259998                      -0.2129558
               21.289999                     -0.22944556
                   21.32                     -0.24914724
                   21.35                     -0.27181577
               21.379999                     -0.29718342
                   21.41                     -0.32496479
               21.439999                     -0.35485535
               21.469999                      -0.3865359
                    21.5                     -0.41967707
               21.529999                     -0.45393505
               21.559999                       -0.488962
               21.589998                     -0.52440454
               21.620001                     -0.55990793
                   21.65                     -0.59511842
                   21.68                     -0.62969257
               21.709999                     -0.66329289
               21.739998                      -0.6955996
                   21.77                     -0.72631132
               21.799999                     -0.75515231
                   21.83                     -0.78187417
               21.859999                     -0.80626449
               21.889999                     -0.82814618
                   21.92                     -0.84738712
               21.949999                     -0.86389629
                   21.98                     -0.87763227
               22.009998                     -0.88860267
               22.039999                     -0.89686112
                   22.07                     -0.90251296
                    22.1                     -0.90570705
               22.129999                     -0.90663671
               22.159998                     -0.90553793
               22.189999                      -0.9026785
               22.219999                     -0.89835907
                   22.25                     -0.89290422
               22.279999                     -0.88666036
               22.309999                     -0.87998563
               22.339998                     -0.87324496
               22.370001                     -0.86681013
                    22.4                     -0.86104784
               22.429998                     -0.85631969
               22.459999                      -0.8529764
               22.489998                     -0.85135813
                   22.52                     -0.85178771
               22.549999                     -0.85457295
                   22.58                     -0.86000221
               22.609999                     -0.86834695
               22.640001                     -0.87986109
                   22.67                     -0.89477967
               22.699999                     -0.91332237
                   22.73                      -0.9356939
               22.759998                     -0.96208467
               22.790001                     -0.99267295
                   22.82                      -1.0276296
                   22.85                      -1.0671154
               22.879999                      -1.1112853
               22.909998                      -1.1602912
               22.940001                      -1.2142844
               22.969999                      -1.2734155
                      23                      -1.3378379
               23.029999                      -1.4077102
               23.059999                      -1.4831954
                   23.09                      -1.5644694
               23.119999                      -1.6517152
                   23.15                      -1.7451286
               23.179998                      -1.8449186
               23.209999                       -1.951314
                   23.24                      -2.0645553
                   23.27                      -2.1849092
               23.299999                       -2.312656
                   23.33                       -2.448105
               23.359999                      -2.5915863
               23.389999                      -2.7434569
                   23.42                      -2.9041021
               23.449999                      -3.0739342
                   23.48                      -3.2533977
               23.509998                      -3.4429672
               23.540001                      -3.6431498
                   23.57                      -3.8544847
                    23.6                      -4.0775438
               23.629999                      -4.3129304
               23.659998                      -4.5612785
               23.690001                      -4.8232474
               23.719999                      -5.0995161
                   23.75                      -5.3907778
               23.779999                      -5.6977249
               23.809999                      -6.0210319
                   23.84                      -6.3613274
               23.869999                      -6.7191664
                    23.9                      -7.0949695
               23.929998                      -7.4889607
               23.959999                      -7.9010712
                   23.99                      -8.3308008
                   24.02                      -8.7770533
               24.049999                      -9.2378946
               24.079998                      -9.7102561
               24.109999                      -10.189562
               24.139999                      -10.669313
                   24.17                      -11.140661
               24.199999                      -11.592074
                   24.23                      -12.009344
               24.259998                      -12.376085
               24.290001                      -12.675085
                   24.32                      -12.890454
               24.349998                      -13.010358
               24.379999                      -13.029402
               24.409998                      -12.949866
               24.440001                      -12.781155
               24.469999                      -12.537766
                    24.5                      -12.236579
               24.529999                      -11.894416
               24.559999                      -11.526361
                   24.59                      -11.144937
               24.619999                      -10.759947
                   24.65                      -10.378699
               24.679998                      -10.006404
               24.709999                      -9.6466151
                   24.74                        -9.30162
                   24.77                      -8.9727594
               24.799999                      -8.6606961
               24.829998                      -8.3656093
               24.859999                       -8.087342
               24.889999                      -7.8255053
                   24.92                      -7.5795639
               24.949999                      -7.3488862
                   24.98                      -7.1327888
               25.009998                      -6.9305652
               25.039999                       -6.741502
                   25.07                      -6.5648963
               25.099998                      -6.4000635
               25.129999                      -6.2463446
               25.159998                      -6.1031103
               25.190001                      -5.9697572
               25.219999                      -5.8457175
                   25.25                      -5.7304579
               25.279999                      -5.6234705
               25.309998                      -5.5242785
                   25.34                      -5.4324382
               25.369999                       -5.347532
                    25.4                      -5.2691704
               25.429998                      -5.1969843
               25.460001                      -5.1306348
                   25.49                      -5.0698033
                   25.52                      -5.0141923
               25.549999                      -4.9635246
               25.579998                      -4.9175418
               25.610001                      -4.8760052
               25.639999                      -4.8386911
                   25.67                      -4.8053951
               25.699999                      -4.7759234
                   25.73                      -4.7501027
               25.759998                      -4.7277699
               25.789999                      -4.7087772
                   25.82                      -4.6929888
               25.849998                      -4.6802816
               25.879999                      -4.6705465
               25.909998                      -4.6636883
               25.940001                       -4.659617
               25.969999                      -4.6582607
               25.999998                      -4.6595583
               26.029999                      -4.6634583
               26.059998                      -4.6699239
                   26.09                      -4.6789261
               26.119999                      -4.6904522
                   26.15                      -4.7044966
               26.179998                      -4.7210695
               26.210001                       -4.740191
                   26.24                      -4.7618954
               26.269999                      -4.7862253
               26.299999                      -4.8132393
               26.329998                      -4.8430071
               26.360001                      -4.8756114
               26.389999                      -4.9111465
                   26.42                      -4.9497209
               26.449999                      -4.9914543
                   26.48                      -5.0364826
                   26.51                      -5.0849517
               26.539999                      -5.1370264
                   26.57                      -5.1928792
               26.599998                      -5.2527031
               26.629999                      -5.3167033
                   26.66                      -5.3851015
               26.690001                      -5.4581359
               26.719999                      -5.5360613
               26.749998                      -5.6191517
               26.779999                      -5.7076994
               26.809999                      -5.8020207
                   26.84                      -5.9024497
               26.869999                      -6.0093466
                    26.9                      -6.1230992
               26.929998                       -6.244119
               26.959999                      -6.3728523
                   26.99                      -6.5097791
               27.019999                      -6.6554141
               27.049999                      -6.8103154
               27.079998                      -6.9750868
               27.110001                      -7.1503813
               27.139999                      -7.3369123
                   27.17                      -7.5354533
               27.199999                      -7.7468518
               27.229998                      -7.9720393
                   27.26                      -8.2120385
               27.289999                      -8.4679785
                   27.32                      -8.7411139
               27.349998                      -9.0328389
               27.379999                       -9.344718
                   27.41                      -9.6785108
               27.440001                      -10.036206
               27.469999                      -10.420077
               27.499998                      -10.832727
               27.529999                      -11.277175
               27.559999                      -11.756943
                   27.59                      -12.276196
               27.619999                      -12.839896
                   27.65                      -13.454053
               27.679998                      -14.126051
               27.709999                        -14.8651
                   27.74                      -15.682932
               27.769999                      -16.594819
               27.799999                      -17.621195
               27.829998                      -18.790216
               27.860001                      -20.142243
               27.889999                      -21.737696
               27.919998                      -23.671844
               27.949999                      -26.103161
               27.979998                      -29.293236
                   28.01                      -33.417769
               28.039999                      -35.638251
                   28.07                      -32.153179
               28.099998                      -28.424884
               28.129999                      -25.644622
                   28.16                      -23.526064
               28.189999                      -21.844358
               28.219999                      -20.466085
               28.249998                      -19.309754
               28.279999                      -18.322874
               28.309999                      -17.469904
                   28.34                      -16.725726
               28.369999                      -16.072007
                    28.4                      -15.494967
               28.429998                      -14.983947
               28.459999                      -14.530597
                   28.49                      -14.128216
               28.519999                      -13.771342
               28.549999                      -13.455501
               28.579998                      -13.176944
               28.610001                      -12.932533
               28.639999                      -12.719593
               28.669998                      -12.535859
               28.699999                      -12.379363
               28.729998                      -12.248412
                   28.76                      -12.141547
               28.789999                      -12.057482
                   28.82                      -11.995106
               28.849998                      -11.953431
               28.879997                      -11.931588
                   28.91                      -11.928814
               28.939999                      -11.944409
               28.969999                      -11.977751
               28.999998                      -12.028255
               29.030001                      -12.095371
               29.059999                      -12.178554
                   29.09                      -12.277253
               29.119999                      -12.390883
               29.149998                        -12.5188
                   29.18                      -12.660267
               29.209999                      -12.814416
                   29.24                      -12.980211
               29.269999                      -13.156388
               29.299999                      -13.341398
                   29.33                      -13.533354
               29.360001                       -13.72995
               29.389999                      -13.928411
               29.419998                      -14.125372
               29.449999                      -14.316933
                   29.48                      -14.498575
                   29.51                      -14.665242
               29.539999                      -14.811415
                   29.57                      -14.931404
               29.599998                      -15.019594
               29.629999                      -15.070824
                   29.66                      -15.080862
               29.689999                      -15.046767
               29.719999                      -14.967224
               29.749998                      -14.842625
               29.780001                      -14.675105
               29.809999                      -14.468187
               29.839998                      -14.226502
               29.869999                      -13.955315
               29.899998                      -13.660148
                   29.93                      -13.346382
               29.959999                      -13.019062
                   29.99                       -12.68269
               30.019999                       -12.34117
               30.049999                      -11.997777
                   30.08                      -11.655215
               30.109999                      -11.315635
               30.139999                      -10.980737
               30.169998                      -10.651798
               30.199999                      -10.329771
                   30.23                      -10.015321
                   30.26                      -9.7088955
               30.289999                      -9.4107563
                   30.32                      -9.1210278
               30.349998                      -8.8397173
               30.379999                      -8.5667523
                   30.41                      -8.3020001
               30.439999                      -8.0452736
               30.469999                      -7.7963669
               30.499998                      -7.5550483
               30.530001                      -7.3210734
               30.559999                      -7.0942006
               30.589998                      -6.8741929
               30.619999                      -6.6608177
               30.649998                      -6.4538591
                   30.68                      -6.2531019
               30.709999                      -6.0583666
                   30.74                      -5.8694721
               30.769999                       -5.686265
               30.799997                      -5.5086035
                   30.83                      -5.3363638
               30.859999                      -5.1694354
               30.889999                      -5.0077254
               30.919998                      -4.8511503
               30.949999                      -4.6996386
                   30.98                      -4.5531319
                   31.01                      -4.4115711
               31.039999                      -4.2749074
               31.069998                      -4.1430991
               31.099998                      -4.0160988
               31.129999                      -3.8938689
                   31.16                      -3.7763649
               31.189999                      -3.6635351
               31.219999                      -3.5553305
               31.249998                      -3.4516986
               31.280001                       -3.352572
               31.309999                      -3.2578815
               31.339998                      -3.1675496
               31.369999                      -3.0814864
               31.399998                      -2.9995985
                   31.43                      -2.9217745
               31.459999                      -2.8479018
                   31.49                      -2.7778537
               31.519999                       -2.711494
               31.549997                      -2.6486813
                   31.58                      -2.5892595
               31.609999                      -2.5330697
               31.639999                       -2.479943
               31.669998                      -2.4297033
               31.700001                      -2.3821707
                   31.73                      -2.3371624
               31.759998                        -2.29449
               31.789999                      -2.2539591
               31.819998                      -2.2153852
                   31.85                      -2.1785731
               31.879999                      -2.1433377
                   31.91                      -2.1094918
               31.939999                      -2.0768587
               31.969999                      -2.0452637
                      32                      -2.0145443
               32.029999                      -1.9845439
               32.059998                      -1.9551178
                   32.09                      -1.9261378
               32.119999                      -1.8974841
               32.149998                      -1.8690556
                   32.18                      -1.8407647
               32.209999                      -1.8125408
               32.240002                      -1.7843326
                   32.27                      -1.7560995
               32.299999                      -1.7278287
               32.329998                      -1.6995177
               32.359997                      -1.6711797
               32.389999                      -1.6428475
               32.419998                      -1.6145671
               32.450001                      -1.5863989
                   32.48                      -1.5584137
               32.509998                      -1.5306981
               32.540001                      -1.5033443
                   32.57                      -1.4764515
               32.599998                      -1.4501257
               32.629997                      -1.4244769
                   32.66                      -1.3996139
               32.689999                      -1.3756488
               32.719997                      -1.3526924
                   32.75                      -1.3308455
               32.779999                       -1.310209
               32.809998                      -1.2908755
                   32.84                      -1.2729273
               32.869999                      -1.2564403
               32.899998                      -1.2414758
                   32.93                      -1.2280877
               32.959999                      -1.2163135
               32.989998                      -1.2061806
                   33.02                      -1.1976999
               33.049999                      -1.1908715
               33.079998                      -1.1856817
               33.109997                      -1.1820989
               33.139999                        -1.18008
               33.169998                      -1.1795721
               33.200001                      -1.1805008
                   33.23                      -1.1827857
               33.259998                      -1.1863308
               33.290001                      -1.1910315
                   33.32                      -1.1967719
               33.349998                      -1.2034248
               33.379997                      -1.2108586
                   33.41                      -1.2189325
               33.439999                      -1.2275033
               33.469997                       -1.236423
                    33.5                       -1.245544
               33.529999                       -1.254718
               33.560001                      -1.2638002
                   33.59                       -1.272654
               33.619999                      -1.2811458
               33.649998                      -1.2891571
               33.679996                      -1.2965809
               33.709999                      -1.3033212
               33.739998                      -1.3093062
                   33.77                      -1.3144762
               33.799999                      -1.3187975
               33.829998                      -1.3222589
               33.860001                      -1.3248687
               33.889999                       -1.326664
               33.919998                      -1.3277047
               33.949997                      -1.3280763
                   33.98                      -1.3278904
               34.009998                      -1.3272805
               34.040001                      -1.3264019
                   34.07                      -1.3254374
               34.099998                      -1.3245786
               34.129997                      -1.3240461
                   34.16                      -1.3240701
               34.189999                      -1.3248932
               34.219997                      -1.3267737
                   34.25                      -1.3299755
               34.279999                      -1.3347729
               34.310001                       -1.341443
                   34.34                       -1.350268
               34.369999                      -1.3615354
               34.400002                      -1.3755297
                   34.43                      -1.3925397
               34.459999                      -1.4128551
               34.489998                      -1.4367648
               34.519997                      -1.4645591
               34.549999                      -1.4965309
               34.579998                       -1.532974
               34.610001                      -1.5741862
               34.639999                      -1.6204716
               34.669998                      -1.6721401
               34.700001                      -1.7295096
                   34.73                      -1.7929105
               34.759998                      -1.8626855
               34.789997                      -1.9391951
                   34.82                      -2.0228178
               34.849998                      -2.1139546
               34.879997                      -2.2130341
                   34.91                      -2.3205135
               34.939999                      -2.4368861
               34.970001                       -2.562682
                      35                      -2.6984771
               35.029999                      -2.8448983
               35.059998                      -3.0026256
                   35.09                       -3.172401
               35.119999                      -3.3550392
               35.149998                      -3.5514323
               35.179996                      -3.7625552
               35.209999                      -3.9894845
               35.240002                       -4.233396
                   35.27                      -4.4955863
               35.299999                      -4.7774802
               35.329998                      -5.0806344
               35.359997                      -5.4067614
               35.389999                      -5.7577181
               35.419998                      -6.1355076
               35.449997                      -6.5422799
               35.479996                      -6.9802829
               35.510002                      -7.4517998
               35.540001                      -7.9590021
                   35.57                      -8.5037564
               35.599998                      -9.0871469
               35.629997                      -9.7088834
                   35.66                      -10.366104
               35.689999                      -11.051619
               35.719997                      -11.751222
               35.749996                       -12.44004
               35.780003                      -13.078902
               35.810001                         -13.613
                   35.84                      -13.977964
               35.869999                      -14.117041
               35.899998                      -14.004291
                   35.93                       -13.65761
               35.959999                      -13.129738
               35.989998                      -12.485648
               36.019997                      -11.783267
               36.049999                      -11.065354
               36.080002                      -10.359697
               36.110001                      -9.6826203
               36.139999                      -9.0427316
               36.169998                      -8.4437741
               36.200001                      -7.8866183
                   36.23                      -7.3704675
               36.259998                      -6.8936388
               36.289997                      -6.4540247
                   36.32                      -6.0493162
               36.349998                      -5.6771894
               36.380001                      -5.3353918
                   36.41                      -5.0217501
               36.439999                       -4.734222
               36.470001                      -4.4709065
                    36.5                      -4.2300124
               36.529999                      -4.0098806
               36.559998                       -3.808962
               36.589996                      -3.6258224
               36.619999                      -3.4591203
               36.649998                      -3.3076132
                   36.68                      -3.1701308
               36.709999                      -3.0455877
               36.740002                      -2.9329562
                   36.77                      -2.8312896
               36.799999                      -2.7396825
               36.829998                      -2.6572853
               36.859997                      -2.5833034
               36.889999                      -2.5169777
               36.919998                      -2.4575877
               36.949997                      -2.4044581
                   36.98                      -2.3569435
               37.010002                      -2.3144273
               37.040001                      -2.2763324
                   37.07                      -2.2420977
               37.099998                      -2.2112081
               37.129997                      -2.1831622
                   37.16                      -2.1574946
               37.189999                      -2.1337695
               37.219997                      -2.1115786
               37.249996                      -2.0905457
               37.279999                      -2.0703238
               37.310001                      -2.0506052
                   37.34                      -2.0311099
               37.369999                      -2.0115945
               37.399998                      -1.9918564
                   37.43                      -1.9717203
               37.459999                       -1.951052
               37.489998                      -1.9297556
               37.519997                      -1.9077656
               37.549995                      -1.8850543
               37.580002                      -1.8616228
               37.610001                       -1.837508
               37.639999                      -1.8127656
               37.669998                      -1.7874857
               37.700001                      -1.7617753
                   37.73                      -1.7357606
               37.759998                      -1.7095832
               37.789997                      -1.6833964
               37.819996                      -1.6573608
               37.849998                      -1.6316448
               37.880001                      -1.6064162
                   37.91                      -1.5818425
               37.939999                      -1.5580877
               37.970001                      -1.5353071
                      38                      -1.5136531
               38.029999                      -1.4932631
               38.059998                       -1.474266
               38.089996                      -1.4567774
               38.119999                      -1.4408975
               38.149998                      -1.4267143
                   38.18                      -1.4143004
               38.209999                      -1.4037122
               38.240002                      -1.3949933
                   38.27                      -1.3881707
               38.299999                      -1.3832576
               38.329998                      -1.3802514
               38.359997                      -1.3791367
               38.389999                      -1.3798834
               38.419998                      -1.3824498
               38.449997                       -1.386782
                   38.48                      -1.3928134
               38.509998                      -1.4004679
               38.540001                      -1.4096595
                   38.57                      -1.4202926
               38.599998                      -1.4322654
               38.629997                      -1.4454681
                   38.66                      -1.4597861
               38.689999                      -1.4751008
               38.719997                        -1.49129
               38.749996                      -1.5082316
               38.779999                      -1.5258022
               38.810001                      -1.5438798
                   38.84                      -1.5623467
               38.869999                      -1.5810883
               38.899998                       -1.599998
                   38.93                      -1.6189751
               38.959999                      -1.6379284
               38.989998                      -1.6567782
               39.019997                      -1.6754563
               39.049995                      -1.6939067
               39.080002                      -1.7120871
               39.110001                       -1.729971
               39.139999                      -1.7475455
               39.169998                      -1.7648146
               39.199997                      -1.7817979
                   39.23                      -1.7985289
               39.259998                      -1.8150585
               39.289997                      -1.8314515
               39.319996                      -1.8477866
               39.350002                       -1.864156
               39.380001                      -1.8806643
                   39.41                      -1.8974268
               39.439999                      -1.9145682
               39.469997                      -1.9322232
                    39.5                      -1.9505348
               39.529999                      -1.9696479
               39.559998                      -1.9897181
               39.589996                      -2.0109012
               39.619999                      -2.0333557
               39.650002                      -2.0572436
                   39.68                      -2.0827259
               39.709999                      -2.1099647
               39.739998                      -2.1391224
                   39.77                      -2.1703577
               39.799999                      -2.2038286
               39.829998                      -2.2396911
               39.859997                      -2.2780993
               39.889999                      -2.3192046
               39.919998                      -2.3631543
               39.950001                      -2.4100954
                   39.98                      -2.4601706
               40.009998                      -2.5135185
               40.040001                      -2.5702806
                   40.07                      -2.6305907
               40.099998                      -2.6945861
               40.129997                      -2.7623976
                   40.16                      -2.8341575
               40.189999                       -2.909998
               40.219997                        -2.99005
                   40.25                      -3.0744462
               40.279999                      -3.1633185
               40.310001                      -3.2568006
                   40.34                      -3.3550291
               40.369999                      -3.4581416
               40.399998                       -3.566279
               40.429996                      -3.6795904
               40.459999                      -3.7982248
               40.489998                      -3.9223417
               40.519997                      -4.0521001
               40.549999                      -4.1876763
               40.580002                      -4.3292492
               40.610001                      -4.4770059
               40.639999                      -4.6311525
               40.669998                      -4.7918985
               40.699997                      -4.9594757
                   40.73                       -5.134124
               40.759998                      -5.3161002
               40.789997                      -5.5056865
               40.819996                      -5.7031686
               40.850002                      -5.9088723
               40.880001                      -6.1231299
                   40.91                      -6.3463021
               40.939999                      -6.5787609
               40.969997                      -6.8209115
                      41                      -7.0731822
               41.029999                      -7.3360047
               41.059998                      -7.6098433
               41.089996                      -7.8951552
               41.119995                      -8.1924034
               41.150002                      -8.5020428
                   41.18                      -8.8244892
               41.209999                      -9.1601168
               41.239998                       -9.509199
                   41.27                      -9.8718569
               41.299999                      -10.248056
               41.329998                       -10.63742
               41.359997                      -11.039199
               41.389996                      -11.452079
               41.420002                      -11.874017
               41.450001                       -12.30195
                   41.48                      -12.731571
               41.509998                      -13.156962
               41.540001                      -13.570377
                   41.57                      -13.961971
               41.599998                      -14.319897
               41.629997                      -14.630735
               41.659996                      -14.880479
               41.689999                       -15.05614
               41.720001                      -15.147619
                   41.75                       -15.14955
               41.779999                      -15.062362
               41.810001                      -14.892215
                   41.84                      -14.649808
               41.869999                      -14.348524
               41.899998                      -14.002529
               41.929996                      -13.625265
               41.959999                      -13.228493
               41.989998                      -12.821951
                   42.02                      -12.413311
               42.049999                      -12.008373
               42.080002                      -11.611398
               42.110001                      -11.225354
               42.139999                      -10.852289
               42.169998                      -10.493456
               42.199997                      -10.149589
                   42.23                      -9.8210035
               42.259998                      -9.5077095
               42.289997                      -9.2095343
               42.319996                      -8.9261141
               42.349998                      -8.6570236
               42.380001                      -8.4017233
                   42.41                       -8.159674
               42.439999                      -7.9302737
               42.469997                      -7.7129405
                    42.5                      -7.5070543
               42.529999                      -7.3120125
               42.559998                      -7.1272354
               42.589996                      -6.9521159
               42.619995                      -6.7860938
               42.650002                      -6.6286234
                   42.68                      -6.4791462
               42.709999                       -6.337159
               42.739998                      -6.2021376
                   42.77                       -6.073611
               42.799999                      -5.9511086
               42.829998                      -5.8341899
               42.859997                      -5.7224222
               42.889996                      -5.6154093
               42.920002                      -5.5127663
               42.950001                      -5.4141333
                   42.98                      -5.3191761
               43.009998                      -5.2275878
               43.039997                       -5.139078
                   43.07                      -5.0533824
               43.099998                      -4.9702637
               43.129997                      -4.8895145
               43.159996                      -4.8109488
               43.189999                      -4.7344012
               43.220001                      -4.6597378
                   43.25                      -4.5868513
               43.279999                      -4.5156512
               43.309998                      -4.4460742
                   43.34                      -4.3780707
               43.369999                      -4.3116221
               43.399998                      -4.2467236
               43.429996                      -4.1833854
               43.459999                      -4.1216371
               43.489998                      -4.0615133
                   43.52                      -4.0030618
               43.549999                      -3.9463458
               43.579998                      -3.8914289
               43.610001                      -3.8383782
               43.639999                       -3.787261
               43.669998                      -3.7381551
               43.699997                      -3.6911216
                   43.73                      -3.6462335
               43.759998                      -3.6035506
               43.789997                      -3.5631251
                   43.82                      -3.5250037
               43.849998                      -3.4892208
               43.880001                      -3.4558081
                   43.91                       -3.424782
               43.939999                      -3.3961414
               43.969997                       -3.369881
                      44                      -3.3459799
               44.029999                      -3.3243999
               44.059998                      -3.3050945
               44.089996                      -3.2880041
               44.119999                      -3.2730473
               44.150002                      -3.2601373
                   44.18                      -3.2491692
               44.209999                      -3.2400296
               44.239998                      -3.2325846
               44.269997                      -3.2266985
               44.299999                      -3.2222173
               44.329998                      -3.2189833
               44.359997                      -3.2168248
               44.389996                      -3.2155657
               44.420002                      -3.2150215
               44.450001                      -3.2150091
                   44.48                      -3.2153419
               44.509998                      -3.2158326
               44.539997                      -3.2162953
                   44.57                      -3.2165507
               44.599998                      -3.2164308
               44.629997                      -3.2157736
               44.659996                      -3.2144277
               44.690002                      -3.2122609
               44.720001                      -3.2091588
                   44.75                      -3.2050211
               44.779999                       -3.199773
               44.809998                      -3.1933591
                   44.84                      -3.1857499
               44.869999                      -3.1769373
               44.899998                      -3.1669382
               44.929996                      -3.1557964
               44.959995                      -3.1435733
               44.990002                      -3.1303545
                   45.02                      -3.1162492
               45.049999                      -3.1013807
               45.079998                      -3.0858895
               45.110001                      -3.0699337
               45.139999                      -3.0536769
               45.169998                       -3.037296
               45.199997                      -3.0209695
               45.229996                      -3.0048832
               45.259998                      -2.9892182
               45.290001                      -2.9741579
                   45.32                      -2.9598755
               45.349998                      -2.9465421
               45.380001                      -2.9343155
                   45.41                      -2.9233457
               45.439999                      -2.9137655
               45.469997                       -2.905697
               45.499996                      -2.8992427
               45.529999                      -2.8944892
               45.559998                      -2.8915091
                   45.59                      -2.8903515
               45.619999                      -2.8910482
               45.650002                      -2.8936099
                   45.68                      -2.8980303
               45.709999                      -2.9042815
               45.739998                      -2.9123144
               45.769997                      -2.9220621
               45.799999                      -2.9334383
               45.829998                      -2.9463364
               45.859997                      -2.9606333
               45.889999                      -2.9761895
               45.920002                      -2.9928472
               45.950001                      -3.0104385
                   45.98                      -3.0287785
               46.009998                      -3.0476763
               46.039997                      -3.0669311
                   46.07                      -3.0863335
               46.099998                      -3.1056799
               46.129997                      -3.1247577
               46.159996                      -3.1433642
               46.189999                      -3.1613027
               46.220001                      -3.1783859
                   46.25                      -3.1944424
               46.279999                      -3.2093177
               46.309998                      -3.2228781
                   46.34                      -3.2350118
               46.369999                      -3.2456371
               46.399998                      -3.2546975
               46.429996                      -3.2621666
               46.459995                      -3.2680505
               46.490002                      -3.2723834
                   46.52                      -3.2752343
               46.549999                       -3.276698
               46.579998                      -3.2769007
               46.610001                      -3.2759919
               46.639999                      -3.2741475
               46.669998                      -3.2715611
               46.699997                      -3.2684461
               46.729996                      -3.2650289
               46.759998                      -3.2615458
               46.790001                      -3.2582408
                   46.82                      -3.2553617
               46.849998                      -3.2531545
               46.879997                      -3.2518633
                   46.91                       -3.251726
               46.939999                      -3.2529691
               46.969997                      -3.2558114
               46.999996                      -3.2604544
               47.029999                      -3.2670858
               47.059998                      -3.2758766
                   47.09                      -3.2869778
               47.119999                      -3.3005177
               47.149998                      -3.3166084
                   47.18                      -3.3353362
               47.209999                      -3.3567631
               47.239998                      -3.3809317
               47.269997                      -3.4078563
               47.299999                       -3.437528
               47.329998                      -3.4699148
               47.359997                      -3.5049546
               47.389999                       -3.542565
               47.419998                      -3.5826376
               47.450001                      -3.6250385
                   47.48                      -3.6696123
               47.509998                      -3.7161782
               47.539997                       -3.764538
                   47.57                      -3.8144734
               47.599998                      -3.8657473
               47.629997                      -3.9181117
               47.659996                      -3.9713058
               47.689999                       -4.025065
               47.720001                      -4.0791172
                   47.75                      -4.1331963
               47.779999                      -4.1870417
               47.809998                      -4.2404076
                   47.84                      -4.2930617
               47.869999                      -4.3447996
               47.899998                      -4.3954404
               47.929996                      -4.4448405
               47.959995                      -4.4928916
               47.990002                      -4.5395248
                   48.02                      -4.5847207
               48.049999                      -4.6285022
               48.079998                      -4.6709372
               48.109997                      -4.7121447
               48.139999                      -4.7522847
               48.169998                      -4.7915654
               48.199997                      -4.8302316
               48.229996                      -4.8685652
               48.260002                      -4.9068791
               48.290001                       -4.945515
                   48.32                      -4.9848335
               48.349998                      -5.0252126
               48.379997                      -5.0670388
                   48.41                      -5.1107037
               48.439999                      -5.1565961
               48.469997                      -5.2050986
               48.499996                      -5.2565817
               48.529999                       -5.311393
               48.560001                      -5.3698663
                   48.59                      -5.4322974
               48.619999                      -5.4989561
               48.649998                      -5.5700678
                   48.68                      -5.6458157
               48.709999                      -5.7263314
               48.739998                      -5.8116878
               48.769997                       -5.901899
               48.799995                      -5.9969004
               48.829998                      -6.0965516
               48.860001                      -6.2006241
               48.889999                      -6.3087908
               48.919998                      -6.4206196
               48.950001                      -6.5355608
                   48.98                      -6.6529441
               49.009998                      -6.7719721
               49.039997                      -6.8917106
               49.069996                      -7.0110898
               49.099998                      -7.1289156
               49.129997                      -7.2438682
                   49.16                      -7.3545254
               49.189999                      -7.4593876
               49.220001                      -7.5569097
                   49.25                      -7.6455443
               49.279999                      -7.7237909
               49.309998                      -7.7902541
               49.339996                      -7.8436977
               49.369999                      -7.8831043
               49.399998                      -7.9077213
               49.429996                      -7.9171055
               49.459999                       -7.911138
               49.490002                      -7.8900419
                   49.52                      -7.8543587
               49.549999                      -7.8049308
               49.579998                      -7.7428496
               49.609997                      -7.6694085
               49.639999                      -7.5860469
               49.669998                      -7.4942887
               49.699997                      -7.3956868
               49.729996                      -7.2917781
               49.760002                       -7.184041
               49.790001                      -7.0738653
                   49.82                      -6.9625277
               49.849998                      -6.8511752
               49.879997                      -6.7408161
                   49.91                      -6.6323228
               49.939999                      -6.5264265
               49.969997                      -6.4237214
               49.999996                      -6.3246766

