        Frequency / GHz                S1,1/abs,dB
----------------------------------------------------------------------
                      20                     -0.62954934
                   20.01                     -0.61275288
                   20.02                     -0.59624207
               20.029999                     -0.58018411
               20.039999                      -0.5647363
               20.049999                     -0.55004977
               20.059999                     -0.53626158
                   20.07                     -0.52349819
                   20.08                     -0.51187375
               20.089998                     -0.50148816
               20.099998                     -0.49242691
               20.109999                     -0.48476187
               20.120001                     -0.47854958
               20.130001                     -0.47383103
               20.139999                     -0.47063305
                   20.15                     -0.46896704
                   20.16                     -0.46882742
                   20.17                     -0.47019645
                   20.18                     -0.47303994
               20.189999                     -0.47731019
               20.199999                     -0.48294594
               20.209999                     -0.48987165
               20.219999                     -0.49800021
                   20.23                      -0.5072333
               20.239998                     -0.51746096
               20.249998                     -0.52856251
               20.259998                     -0.54041039
                   20.27                     -0.55286799
               20.280001                     -0.56579298
               20.290001                     -0.57903824
               20.299999                     -0.59245183
               20.309999                     -0.60588217
                   20.32                       -0.619176
                   20.33                     -0.63218181
                   20.34                     -0.64475142
               20.349998                     -0.65673957
               20.359999                     -0.66801174
               20.369999                     -0.67843836
               20.379999                     -0.68789991
               20.389999                     -0.69628994
                    20.4                     -0.70351308
               20.409998                     -0.70948969
                   20.42                     -0.71415298
                   20.43                     -0.71745428
               20.440001                     -0.71935953
               20.450001                     -0.71985261
               20.459999                     -0.71893497
               20.469999                     -0.71662219
                   20.48                     -0.71295087
                   20.49                     -0.70796965
                    20.5                      -0.7017426
               20.509998                     -0.69435004
               20.519999                     -0.68588327
               20.529999                      -0.6764463
               20.539999                     -0.66615095
               20.549999                     -0.65512102
               20.559998                     -0.64348382
                   20.57                     -0.63137311
                   20.58                     -0.61892613
                   20.59                     -0.60628045
                    20.6                       -0.593577
               20.610001                     -0.58095124
               20.619999                     -0.56853878
               20.629999                     -0.55647013
               20.639999                     -0.54486908
                   20.65                     -0.53385297
                   20.66                     -0.52353285
               20.669998                     -0.51400935
               20.679998                     -0.50537387
               20.689999                     -0.49770756
               20.699999                     -0.49108153
               20.710001                     -0.48555201
               20.720001                     -0.48116849
                   20.73                     -0.47796388
                   20.74                     -0.47596094
                   20.75                     -0.47516977
                   20.76                     -0.47558749
                   20.77                      -0.4771998
               20.779999                     -0.47997839
               20.789999                     -0.48388589
               20.799999                     -0.48887196
               20.809999                     -0.49487329
                   20.82                     -0.50182078
               20.829998                     -0.50963074
               20.839998                     -0.51821431
               20.849998                     -0.52747197
               20.860001                     -0.53729763
               20.870001                      -0.5475798
               20.879999                     -0.55820018
               20.889999                     -0.56903811
                    20.9                     -0.57997079
                   20.91                     -0.59087083
                   20.92                     -0.60161457
                   20.93                     -0.61207916
               20.939999                     -0.62214166
               20.949999                      -0.6316881
               20.959999                     -0.64060544
               20.969999                     -0.64879083
                   20.98                     -0.65614971
               20.989998                     -0.66259707
               20.999998                     -0.66805672
                   21.01                     -0.67246665
                   21.02                     -0.67577636
               21.030001                     -0.67794782
               21.040001                     -0.67895878
               21.049999                     -0.67879972
               21.059999                      -0.6774747
                   21.07                     -0.67500271
                   21.08                     -0.67141688
                   21.09                     -0.66676148
               21.099998                     -0.66109588
               21.109999                     -0.65448945
               21.119999                     -0.64702253
               21.129999                     -0.63878575
               21.139999                      -0.6298772
               21.149998                      -0.6204027
               21.159998                     -0.61047235
                   21.17                      -0.6002039
                   21.18                     -0.58971526
               21.190001                     -0.57912446
               21.199999                     -0.56855297
               21.209999                     -0.55811987
               21.219999                     -0.54794063
                   21.23                     -0.53812794
                   21.24                     -0.52878969
                   21.25                     -0.52002723
               21.259998                     -0.51193613
               21.269999                     -0.50460199
               21.279999                      -0.4981032
               21.289999                     -0.49251091
               21.299999                     -0.48788117
               21.309998                     -0.48426593
                   21.32                     -0.48170176
                   21.33                     -0.48021653
                   21.34                     -0.47982552
                   21.35                     -0.48053292
               21.360001                     -0.48233259
               21.369999                     -0.48520704
               21.379999                     -0.48912528
               21.389999                     -0.49404698
                    21.4                     -0.49992269
                   21.41                     -0.50668992
               21.419998                     -0.51427852
               21.429998                     -0.52260833
               21.439999                     -0.53159201
               21.449999                     -0.54113263
               21.460001                     -0.55112885
               21.469999                      -0.5614723
                   21.48                     -0.57205087
                   21.49                     -0.58274893
                    21.5                     -0.59344824
                   21.51                      -0.6040297
               21.519999                     -0.61437522
               21.529999                     -0.62436904
               21.539999                     -0.63389606
               21.549999                      -0.6428499
               21.559999                     -0.65112659
                   21.57                     -0.65863073
               21.579998                     -0.66527598
               21.589998                     -0.67098572
               21.599998                     -0.67569417
               21.610001                     -0.67934615
               21.620001                     -0.68190092
               21.629999                     -0.68332999
               21.639999                     -0.68361832
                   21.65                     -0.68276593
                   21.66                      -0.6807861
                   21.67                     -0.67770448
                   21.68                     -0.67356195
               21.689999                      -0.6684132
               21.699999                     -0.66232289
               21.709999                     -0.65536924
               21.719999                     -0.64763841
                   21.73                     -0.63922879
               21.739998                     -0.63024514
               21.749998                     -0.62079909
                   21.76                     -0.61100755
                   21.77                     -0.60099272
               21.780001                     -0.59087816
               21.789999                     -0.58078913
               21.799999                     -0.57085001
               21.809999                     -0.56118384
                   21.82                     -0.55191259
                   21.83                     -0.54315148
               21.839998                     -0.53501231
               21.849998                      -0.5275993
               21.859999                     -0.52100997
               21.869999                      -0.5153339
               21.879999                     -0.51065141
               21.889999                     -0.50703188
               21.899998                     -0.50453447
                   21.91                      -0.5032106
                   21.92                     -0.50309415
                   21.93                     -0.50421282
               21.940001                     -0.50657703
               21.949999                     -0.51018944
               21.959999                      -0.5150372
               21.969999                     -0.52109535
                   21.98                     -0.52832684
                   21.99                     -0.53668198
                      22                     -0.54609935
               22.009998                     -0.55650529
               22.019999                     -0.56781608
               22.029999                     -0.57993559
               22.039999                     -0.59275957
               22.050001                     -0.60617297
               22.059999                     -0.62005401
                   22.07                     -0.63427421
                   22.08                     -0.64869656
                   22.09                     -0.66318353
                    22.1                     -0.67759214
               22.109999                     -0.69177897
               22.119999                     -0.70559966
               22.129999                     -0.71891343
               22.139999                     -0.73158278
                   22.15                     -0.74347537
               22.159998                     -0.75446643
               22.169998                     -0.76444106
               22.179998                     -0.77329544
               22.189999                     -0.78093735
               22.200001                     -0.78729184
               22.210001                     -0.79229564
               22.219999                     -0.79590444
                   22.23                     -0.79809412
                   22.24                     -0.79885516
                   22.25                     -0.79819986
                   22.26                     -0.79615982
               22.269999                     -0.79278629
               22.279999                     -0.78814913
               22.289999                     -0.78233718
               22.299999                     -0.77545797
               22.309999                     -0.76763531
                   22.32                     -0.75900942
               22.329998                     -0.74973342
               22.339998                     -0.73997584
                   22.35                     -0.72991544
               22.360001                     -0.71973959
               22.370001                      -0.7096451
               22.379999                     -0.69983467
               22.389999                     -0.69051497
                    22.4                     -0.68189701
                   22.41                     -0.67419045
                   22.42                     -0.66760611
               22.429998                     -0.66235427
               22.439999                     -0.65863943
               22.449999                      -0.6566637
               22.459999                      -0.6566222
               22.469999                     -0.65870448
               22.479998                     -0.66309126
               22.489998                     -0.66995572
                    22.5                     -0.67946075
                   22.51                     -0.69175981
                   22.52                     -0.70699456
               22.530001                     -0.72529598
               22.539999                     -0.74678078
               22.549999                     -0.77155518
               22.559999                     -0.79970973
                   22.57                     -0.83132239
                   22.58                     -0.86645451
               22.589998                     -0.90515293
               22.599998                     -0.94744678
               22.609999                     -0.99334769
               22.619999                      -1.0428492
               22.629999                      -1.0959273
               22.640001                      -1.1525338
                   22.65                      -1.2126021
                   22.66                      -1.2760413
                   22.67                      -1.3427352
                   22.68                      -1.4125447
               22.690001                      -1.4853017
               22.699999                      -1.5608099
               22.709999                      -1.6388443
               22.719999                      -1.7191501
                   22.73                      -1.8014349
                   22.74                      -1.8853801
               22.749998                      -1.9706292
               22.759998                      -2.0567914
               22.769999                      -2.1434445
               22.779999                      -2.2301306
               22.790001                      -2.3163611
               22.799999                      -2.4016168
               22.809999                      -2.4853536
                   22.82                      -2.5670048
                   22.83                      -2.6459844
                   22.84                      -2.7216991
                   22.85                      -2.7935509
               22.859999                      -2.8609464
               22.869999                       -2.923309
               22.879999                      -2.9800863
               22.889999                      -3.0307612
                    22.9                      -3.0748646
               22.909998                      -3.1119813
               22.919998                      -3.1417668
               22.929998                      -3.1639458
               22.940001                       -3.178329
               22.950001                      -3.1848108
               22.960001                      -3.1833741
               22.969999                      -3.1740922
                   22.98                      -3.1571255
                   22.99                      -3.1327146
                      23                      -3.1011779
                   23.01                       -3.062902
               23.019999                      -3.0183309
               23.029999                      -2.9679578
               23.039999                      -2.9123142
               23.049999                      -2.8519567
               23.059999                      -2.7874628
               23.069998                      -2.7194133
               23.079998                      -2.6483896
                   23.09                      -2.5749619
                    23.1                      -2.4996876
               23.110001                      -2.4231005
               23.119999                      -2.3457077
               23.129999                      -2.2679925
               23.139999                      -2.1903988
                   23.15                      -2.1133442
                   23.16                        -2.03721
                   23.17                      -1.9623432
               23.179998                      -1.8890576
               23.189999                      -1.8176335
               23.199999                      -1.7483205
               23.209999                       -1.681335
               23.219999                      -1.6168659
               23.229998                      -1.5550739
                   23.24                       -1.496091
                   23.25                      -1.4400276
                   23.26                      -1.3869672
                   23.27                      -1.3369727
               23.280001                      -1.2900874
               23.289999                       -1.246332
               23.299999                      -1.2057119
               23.309999                      -1.1682153
                   23.32                      -1.1338121
                   23.33                      -1.1024593
               23.339998                      -1.0741012
               23.349998                      -1.0486664
               23.359999                      -1.0260752
               23.369999                       -1.006232
               23.379999                      -0.9890361
               23.389999                     -0.97437358
                    23.4                     -0.96212487
                   23.41                     -0.95215984
                   23.42                     -0.94434489
                   23.43                     -0.93853769
               23.439999                     -0.93459241
               23.449999                     -0.93235734
               23.459999                     -0.93167952
               23.469999                     -0.93240295
                   23.48                     -0.93436812
                   23.49                     -0.93741841
               23.499998                     -0.94139512
               23.509998                     -0.94614354
               23.519999                     -0.95151038
               23.529999                     -0.95734557
               23.540001                     -0.96350387
               23.549999                     -0.96984846
               23.559999                     -0.97624654
                   23.57                     -0.98257321
                   23.58                     -0.98871251
                   23.59                     -0.99455989
                    23.6                      -1.0000176
               23.609999                      -1.0049999
               23.619999                      -1.0094335
               23.629999                      -1.0132561
               23.639999                      -1.0164145
                   23.65                      -1.0188729
               23.659998                      -1.0206021
               23.669998                      -1.0215881
               23.679998                      -1.0218257
               23.690001                      -1.0213247
               23.700001                      -1.0201011
               23.709999                      -1.0181838
               23.719999                      -1.0156087
                   23.73                      -1.0124217
                   23.74                      -1.0086764
                   23.75                      -1.0044305
               23.759998                     -0.99974939
               23.769999                     -0.99470225
               23.779999                     -0.98936234
               23.789999                      -0.9838044
               23.799999                     -0.97810566
               23.809999                     -0.97234175
               23.819998                     -0.96659018
               23.829998                     -0.96092671
                   23.84                     -0.95542411
                   23.85                     -0.95015268
               23.860001                      -0.9451788
               23.869999                     -0.94056566
               23.879999                      -0.9363703
               23.889999                     -0.93264605
                    23.9                     -0.92943858
                   23.91                     -0.92679039
                   23.92                     -0.92473541
               23.929998                     -0.92330192
               23.939999                     -0.92251081
               23.949999                     -0.92237938
               23.959999                     -0.92291371
               23.969999                     -0.92411847
               23.979998                     -0.92598804
                   23.99                     -0.92851169
                      24                     -0.93167436
                   24.01                     -0.93545289
                   24.02                     -0.93981981
               24.029999                     -0.94474454
               24.039999                     -0.95018873
               24.049999                      -0.9561118
               24.059999                     -0.96246992
                   24.07                     -0.96921546
               24.079998                     -0.97629723
               24.089998                      -0.9836647
               24.099998                     -0.99126389
               24.109999                     -0.99903998
               24.119999                      -1.0069392
               24.130001                      -1.0149079
               24.139999                      -1.0228909
                   24.15                      -1.0308381
                   24.16                      -1.0386992
                   24.17                      -1.0464273
                   24.18                      -1.0539787
               24.189999                      -1.0613111
               24.199999                      -1.0683898
               24.209999                      -1.0751816
               24.219999                      -1.0816575
                   24.23                      -1.0877955
                   24.24                      -1.0935784
               24.249998                      -1.0989914
               24.259998                      -1.1040278
               24.269999                      -1.1086844
               24.280001                      -1.1129654
               24.290001                       -1.116876
               24.299999                      -1.1204299
               24.309999                      -1.1236436
                   24.32                      -1.1265397
                   24.33                      -1.1291427
                   24.34                      -1.1314818
               24.349998                      -1.1335888
               24.359999                      -1.1354979
               24.369999                      -1.1372492
               24.379999                      -1.1388787
               24.389999                      -1.1404297
               24.399998                      -1.1419406
               24.409998                      -1.1434568
               24.419998                      -1.1450175
                   24.43                      -1.1466648
               24.440001                      -1.1484384
               24.450001                      -1.1503783
               24.459999                       -1.152521
               24.469999                      -1.1549014
                   24.48                      -1.1575527
                   24.49                      -1.1605032
                    24.5                      -1.1637807
               24.509998                      -1.1674077
               24.519999                      -1.1714041
               24.529999                      -1.1757865
               24.539999                      -1.1805679
               24.549999                       -1.185755
               24.559999                      -1.1913556
               24.569998                      -1.1973686
                   24.58                      -1.2037912
                   24.59                      -1.2106181
                    24.6                      -1.2178396
               24.610001                      -1.2254404
               24.619999                       -1.233406
               24.629999                      -1.2417159
               24.639999                      -1.2503474
                   24.65                      -1.2592755
                   24.66                      -1.2684737
               24.669998                      -1.2779134
               24.679998                      -1.2875636
               24.689999                      -1.2973943
               24.699999                      -1.3073693
               24.709999                        -1.31746
               24.719997                      -1.3276312
                   24.73                      -1.3378505
                   24.74                      -1.3480867
                   24.75                      -1.3583072
                   24.76                      -1.3684842
                   24.77                      -1.3785885
               24.779999                      -1.3885954
               24.789999                      -1.3984803
               24.799999                      -1.4082229
               24.809999                      -1.4178042
                   24.82                      -1.4272095
               24.829998                      -1.4364268
               24.839998                      -1.4454466
               24.849998                      -1.4542642
               24.859999                      -1.4628768
               24.870001                      -1.4712866
               24.880001                      -1.4794976
               24.889999                      -1.4875176
                    24.9                       -1.495359
                   24.91                      -1.5030347
                   24.92                      -1.5105628
                   24.93                      -1.5179621
               24.939999                      -1.5252553
               24.949999                      -1.5324675
               24.959999                      -1.5396238
               24.969999                      -1.5467513
                   24.98                       -1.553881
               24.989998                      -1.5610416
               24.999998                      -1.5682644
               25.009998                      -1.5755795
                   25.02                      -1.5830182
               25.030001                      -1.5906102
               25.039999                      -1.5983867
               25.049999                      -1.6063748
               25.059999                      -1.6146025
                   25.07                      -1.6230968
                   25.08                      -1.6318796
                   25.09                      -1.6409754
               25.099998                      -1.6504022
               25.109999                      -1.6601784
               25.119999                      -1.6703185
               25.129999                      -1.6808347
               25.139999                      -1.6917374
               25.149998                      -1.7030315
               25.159998                      -1.7147212
                   25.17                      -1.7268078
                   25.18                      -1.7392886
               25.190001                      -1.7521596
               25.200001                      -1.7654116
               25.209999                       -1.779034
               25.219999                      -1.7930152
                   25.23                      -1.8073392
                   25.24                      -1.8219883
                   25.25                      -1.8369425
               25.259998                      -1.8521804
               25.269999                      -1.8676789
               25.279999                      -1.8834142
               25.289999                      -1.8993601
               25.299999                      -1.9154909
               25.309998                      -1.9317799
                   25.32                      -1.9481995
                   25.33                      -1.9647233
                   25.34                      -1.9813243
                   25.35                      -1.9979771
               25.359999                      -2.0146568
               25.369999                      -2.0313387
               25.379999                      -2.0480025
               25.389999                      -2.0646263
                    25.4                      -2.0811917
                   25.41                      -2.0976827
               25.419998                      -2.1140852
               25.429998                       -2.130388
               25.439999                       -2.146582
               25.449999                      -2.1626602
               25.460001                      -2.1786221
               25.469999                      -2.1944647
                   25.48                       -2.210192
                   25.49                      -2.2258096
                    25.5                      -2.2413253
                   25.51                      -2.2567497
                   25.52                      -2.2720968
               25.529999                      -2.2873839
               25.539999                      -2.3026289
               25.549999                      -2.3178525
               25.559999                       -2.333077
                   25.57                      -2.3483283
               25.579998                       -2.363632
               25.589998                      -2.3790146
               25.599998                      -2.3945057
               25.610001                      -2.4101349
               25.620001                      -2.4259301
               25.629999                      -2.4419228
               25.639999                      -2.4581426
                   25.65                      -2.4746195
                   25.66                      -2.4913824
                   25.67                      -2.5084593
               25.679998                      -2.5258786
               25.689999                      -2.5436659
               25.699999                      -2.5618477
               25.709999                      -2.5804453
               25.719999                      -2.5994816
                   25.73                      -2.6189762
               25.739998                      -2.6389474
               25.749998                      -2.6594098
               25.759998                      -2.6803773
                   25.77                       -2.701862
               25.780001                       -2.723873
               25.789999                      -2.7464166
               25.799999                      -2.7694983
               25.809999                      -2.7931207
                   25.82                      -2.8172827
                   25.83                      -2.8419848
                   25.84                      -2.8672212
               25.849998                      -2.8929879
               25.859999                      -2.9192785
               25.869999                      -2.9460827
               25.879999                      -2.9733918
               25.889999                      -3.0011933
               25.899998                      -3.0294763
               25.909998                      -3.0582262
                   25.92                      -3.0874307
                   25.93                      -3.1170766
               25.940001                      -3.1471473
               25.949999                      -3.1776306
               25.959999                      -3.2085131
               25.969999                        -3.23978
                   25.98                      -3.2714191
                   25.99                      -3.3034196
               25.999998                      -3.3357706
               26.009998                      -3.3684639
               26.019999                      -3.4014915
               26.029999                      -3.4348466
               26.039999                      -3.4685253
               26.049999                      -3.5025265
               26.059998                      -3.5368503
                   26.07                      -3.5714968
                   26.08                      -3.6064731
                   26.09                      -3.6417835
                    26.1                      -3.6774375
               26.109999                      -3.7134473
               26.119999                      -3.7498246
               26.129999                      -3.7865854
               26.139999                      -3.8237473
                   26.15                      -3.8613311
                   26.16                      -3.8993569
               26.169998                      -3.9378486
               26.179998                      -3.9768302
               26.189999                        -4.01633
               26.199999                      -4.0563741
               26.210001                      -4.0969915
               26.219999                      -4.1382134
                   26.23                      -4.1800685
                   26.24                      -4.2225885
                   26.25                      -4.2658039
                   26.26                       -4.309746
               26.269999                      -4.3544475
               26.279999                      -4.3999379
               26.289999                      -4.4462459
               26.299999                      -4.4934025
               26.309999                       -4.541435
               26.319998                      -4.5903711
               26.329998                      -4.6402371
               26.339998                      -4.6910558
               26.349998                      -4.7428504
               26.360001                        -4.79564
               26.370001                      -4.8494462
               26.379999                      -4.9042834
               26.389999                      -4.9601665
                    26.4                      -5.0171086
                   26.41                      -5.0751182
                   26.42                      -5.1342031
               26.429998                      -5.1943699
               26.439999                      -5.2556202
               26.449999                      -5.3179542
               26.459999                      -5.3813704
               26.469999                       -5.445865
                   26.48                      -5.5114317
               26.489998                      -5.5780627
               26.499998                      -5.6457459
                   26.51                      -5.7144701
                   26.52                      -5.7842203
               26.530001                       -5.854983
               26.539999                      -5.9267387
               26.549999                      -5.9994704
               26.559999                      -6.0731601
                   26.57                      -6.1477852
                   26.58                      -6.2233272
               26.589998                      -6.2997644
               26.599998                      -6.3770755
               26.609999                      -6.4552404
               26.619999                      -6.5342376
               26.629999                      -6.6140493
               26.639997                      -6.6946541
               26.649998                      -6.7760366
                   26.66                      -6.8581802
                   26.67                      -6.9410691
                   26.68                      -7.0246911
               26.690001                      -7.1090366
               26.699999                      -7.1940963
               26.709999                      -7.2798646
               26.719999                      -7.3663383
                   26.73                      -7.4535169
                   26.74                      -7.5414031
               26.749998                      -7.6300022
               26.759998                       -7.719323
               26.769999                      -7.8093764
               26.779999                       -7.900178
               26.789999                       -7.991745
               26.800001                      -8.0840979
               26.809999                      -8.1772617
                   26.82                      -8.2712614
                   26.83                      -8.3661284
                   26.84                      -8.4618934
                   26.85                      -8.5585927
               26.859999                        -8.65626
               26.869999                      -8.7549363
               26.879999                      -8.8546635
               26.889999                      -8.9554811
                    26.9                      -9.0574328
               26.909998                      -9.1605645
               26.919998                      -9.2649207
               26.929998                      -9.3705471
               26.939999                      -9.4774899
               26.950001                      -9.5857939
               26.959999                      -9.6955048
               26.969999                      -9.8066671
                   26.98                      -9.9193235
                   26.99                      -10.033517
                      27                      -10.149288
                   27.01                      -10.266673
               27.019999                      -10.385712
               27.029999                      -10.506435
               27.039999                      -10.628878
               27.049999                      -10.753064
               27.059999                      -10.879021
               27.069998                      -11.006772
               27.079998                      -11.136335
               27.089998                      -11.267724
                    27.1                       -11.40095
               27.110001                      -11.536023
               27.120001                      -11.672943
               27.129999                      -11.811712
               27.139999                      -11.952326
                   27.15                      -12.094773
                   27.16                      -12.239045
                   27.17                      -12.385123
               27.179998                      -12.532988
               27.189999                      -12.682615
               27.199999                      -12.833977
               27.209999                      -12.987045
               27.219999                      -13.141784
               27.229998                      -13.298158
               27.239998                      -13.456129
                   27.25                      -13.615654
                   27.26                      -13.776696
                   27.27                      -13.939207
               27.279999                      -14.103145
               27.289999                      -14.268467
               27.299999                      -14.435131
               27.309999                      -14.603093
                   27.32                      -14.772315
                   27.33                      -14.942759
               27.339998                      -15.114394
               27.349998                      -15.287188
               27.359999                       -15.46112
               27.369999                       -15.63617
               27.379999                      -15.812326
               27.389997                      -15.989585
                    27.4                      -16.167951
                   27.41                      -16.347436
                   27.42                      -16.528065
                   27.43                      -16.709869
               27.440001                      -16.892894
               27.449999                      -17.077192
               27.459999                      -17.262834
               27.469999                      -17.449901
                   27.48                      -17.638485
                   27.49                      -17.828696
               27.499998                      -18.020652
               27.509998                      -18.214491
               27.519999                      -18.410362
               27.529999                      -18.608429
               27.540001                      -18.808873
               27.549999                      -19.011886
               27.559999                      -19.217681
                   27.57                      -19.426481
                   27.58                      -19.638528
                   27.59                      -19.854077
               27.599998                      -20.073401
               27.609999                       -20.29679
               27.619999                      -20.524549
               27.629999                      -20.757001
               27.639999                      -20.994488
                   27.65                      -21.237371
               27.659998                      -21.486028
               27.669998                      -21.740863
               27.679998                      -22.002298
               27.690001                      -22.270782
               27.700001                      -22.546788
               27.709999                      -22.830822
               27.719999                      -23.123411
                   27.73                      -23.425126
                   27.74                      -23.736569
                   27.75                      -24.058386
                   27.76                      -24.391264
               27.769999                      -24.735942
               27.779999                      -25.093211
               27.789999                      -25.463921
               27.799999                      -25.848987
               27.809999                      -26.249394
               27.819998                      -26.666198
               27.829998                      -27.100532
                   27.84                      -27.553611
                   27.85                      -28.026718
               27.860001                        -28.5212
               27.869999                      -29.038451
               27.879999                      -29.579855
               27.889999                      -30.146728
                    27.9                      -30.740192
                   27.91                       -31.36098
               27.919998                      -32.009128
               27.929998                       -32.68348
               27.939999                      -33.380942
               27.949999                      -34.095359
               27.959999                      -34.815954
               27.969999                      -35.525319
               27.979998                      -36.197384
                   27.99                      -36.796381
                      28                      -37.278853
                   28.01                      -37.600813
                   28.02                      -37.729823
               28.029999                      -37.656797
               28.039999                      -37.399699
               28.049999                      -36.996316
               28.059999                      -36.491481
                   28.07                       -35.92637
                   28.08                      -35.333282
               28.089998                      -34.734947
               28.099998                      -34.146093
               28.109999                      -33.575535
               28.119999                      -33.028056
               28.129999                      -32.505808
               28.139999                      -32.009293
                   28.15                       -31.53801
                   28.16                      -31.090883
                   28.17                      -30.666518
                   28.18                      -30.263375
               28.189999                      -29.879868
               28.199999                      -29.514426
               28.209999                      -29.165526
               28.219999                      -28.831715
                   28.23                       -28.51162
               28.239998                      -28.203955
               28.249998                       -27.90751
               28.259998                      -27.621163
               28.269999                      -27.343869
               28.279999                      -27.074663
               28.290001                      -26.812651
               28.299999                      -26.557017
               28.309999                      -26.307009
                   28.32                      -26.061946
                   28.33                      -25.821213
                   28.34                      -25.584258
               28.349998                      -25.350593
               28.359999                      -25.119788
               28.369999                      -24.891473
               28.379999                      -24.665335
               28.389999                      -24.441111
                    28.4                      -24.218592
               28.409998                      -23.997615
               28.419998                      -23.778063
               28.429998                      -23.559861
               28.440001                      -23.342968
               28.450001                      -23.127379
               28.459999                      -22.913118
               28.469999                      -22.700237
                   28.48                      -22.488808
                   28.49                      -22.278921
                    28.5                      -22.070681
               28.509998                      -21.864204
               28.519999                      -21.659615
               28.529999                      -21.457042
               28.539999                      -21.256616
               28.549999                      -21.058466
               28.559998                      -20.862719
               28.569998                      -20.669497
               28.579998                      -20.478912
                   28.59                      -20.291073
                    28.6                      -20.106075
               28.610001                      -19.924003
               28.619999                      -19.744932
               28.629999                      -19.568919
               28.639999                      -19.396015
                   28.65                      -19.226251
                   28.66                      -19.059648
               28.669998                      -18.896211
               28.679998                       -18.73593
               28.689999                      -18.578783
               28.699999                       -18.42473
               28.709999                       -18.27372
               28.719999                      -18.125686
               28.729998                      -17.980547
                   28.74                      -17.838209
                   28.75                      -17.698568
                   28.76                      -17.561502
                   28.77                      -17.426881
               28.779999                      -17.294561
               28.789999                      -17.164393
               28.799999                      -17.036212
               28.809999                      -16.909849
                   28.82                      -16.785126
               28.829998                      -16.661858
               28.839998                      -16.539859
               28.849998                      -16.418933
               28.859999                      -16.298891
               28.869999                      -16.179538
               28.879997                      -16.060681
               28.889999                      -15.942133
                    28.9                      -15.823712
                   28.91                       -15.70524
                   28.92                      -15.586552
                   28.93                      -15.467493
               28.939999                      -15.347919
               28.949999                      -15.227701
               28.959999                      -15.106725
               28.969999                      -14.984895
                   28.98                      -14.862134
               28.989998                      -14.738381
               28.999998                      -14.613595
               29.009998                      -14.487757
               29.019999                      -14.360865
               29.030001                      -14.232938
               29.040001                      -14.104015
               29.049999                       -13.97415
               29.059999                      -13.843417
                   29.07                      -13.711906
                   29.08                       -13.57972
                   29.09                      -13.446976
               29.099998                      -13.313804
               29.109999                      -13.180341
               29.119999                      -13.046734
               29.129999                      -12.913134
               29.139999                      -12.779699
               29.149998                      -12.646588
               29.159998                       -12.51396
               29.169998                      -12.381976
                   29.18                      -12.250793
               29.190001                      -12.120563
               29.199999                      -11.991436
               29.209999                      -11.863553
               29.219999                      -11.737052
                   29.23                      -11.612058
                   29.24                      -11.488691
                   29.25                      -11.367058
               29.259998                      -11.247261
               29.269999                      -11.129387
               29.279999                      -11.013513
               29.289999                      -10.899708
               29.299999                      -10.788023
               29.309998                      -10.678505
               29.319998                      -10.571185
                   29.33                      -10.466083
                   29.34                      -10.363209
                   29.35                      -10.262561
               29.360001                      -10.164125
               29.369999                      -10.067877
               29.379999                      -9.9737814
               29.389999                      -9.8817936
                    29.4                      -9.7918607
                   29.41                      -9.7039154
               29.419998                      -9.6178863
               29.429998                      -9.5336912
               29.439999                      -9.4512412
               29.449999                      -9.3704397
               29.459999                      -9.2911836
               29.469997                      -9.2133664
                   29.48                      -9.1368737
                   29.49                      -9.0615895
                    29.5                      -8.9873941
                   29.51                      -8.9141665
               29.519999                      -8.8417853
               29.529999                      -8.7701284
               29.539999                      -8.6990766
               29.549999                      -8.6285109
               29.559999                      -8.5583211
                   29.57                      -8.4883963
               29.579998                      -8.4186333
               29.589998                      -8.3489378
               29.599998                       -8.279223
               29.609999                      -8.2094095
               29.620001                      -8.1394309
               29.629999                      -8.0692269
               29.639999                      -7.9987524
                   29.65                      -7.9279725
                   29.66                      -7.8568655
                   29.67                      -7.7854191
                   29.68                      -7.7136378
               29.689999                      -7.6415327
               29.699999                      -7.5691334
               29.709999                      -7.4964752
               29.719999                      -7.4236084
                   29.73                      -7.3505916
               29.739998                      -7.2774933
               29.749998                      -7.2043916
               29.759998                      -7.1313723
                   29.77                      -7.0585262
               29.780001                       -6.985952
               29.789999                      -6.9137501
               29.799999                      -6.8420271
               29.809999                      -6.7708905
                   29.82                      -6.7004484
                   29.83                      -6.6308081
               29.839998                      -6.5620782
               29.849998                      -6.4943628
               29.859999                      -6.4277623
               29.869999                      -6.3623759
               29.879999                      -6.2982951
               29.889999                      -6.2356049
               29.899998                      -6.1743856
               29.909998                      -6.1147093
                   29.92                      -6.0566385
                   29.93                      -6.0002286
               29.940001                      -5.9455267
               29.949999                       -5.892569
               29.959999                       -5.841381
               29.969999                      -5.7919793
                   29.98                      -5.7443713
                   29.99                      -5.6985499
                      30                      -5.6544987

